%YAML:1.0
---
dictionary: !!opencv-matrix
   rows: 500
   cols: 12
   dt: f
   data: [ 24.1786747, -2.34371924, 0.800470054, -1.2323209,
       6.56696784e-07, 4.5550496e-06, 5.34559558e-06, 113.951729,
       125.355164, 123.096603, 25.0485516, 24.8729763, -1.10165829e-05,
       129.861603, 154.881256, 177.045593, 25.9527302, 30.5701866,
       35.1576843, 0.384339988, -0.00115634652, 0.280835479,
       -0.0335913524, 1.86624197e-06, 96.1945496, 135.083481, 90.6169891,
       23.2169914, 25.4005108, 19.2912884, 0.98015666, -1.97333348,
       1.70213556, -2.86102295e-06, 1.70298989e-07, 3.12214809e-07,
       -64.6858139, 13.3414478, -8.46261311, 4.35113907e-06,
       1.84774399e-05, 2.74181366e-06, 80.2761765, 133.052765,
       104.930618, 16.114315, 30.6147766, 17.1648273, 1.37197351,
       0.212222785, -0.0115085179, 46.8396683, 123.788185, 125.742294,
       8.65375996, 24.5488415, 24.9263325, 28.5355167, -1.65955758,
       1.35798585, 24.4103317, 26.0631905, 133.783051, 4.59033298,
       15.1062727, 7.23203038e-06, 1.98682155e-05, 6.91413879e-06,
       28.2494659, 120.285583, 135.42865, 26.1900711, 0.0241278037,
       -0.0381041989, 122.120018, 152.14624, 167.947617, 25.2158852,
       30.3210449, 33.4611473, 1.43718147, 1.12304533, 1.29104161,
       -0.0348902307, 88.8986282, 19.1850834, 26.8545628, 17.34231,
       0.35972774, -1.13763201, -0.595632195, -3.80145184e-06,
       4.9008263e-06, -3.46369211e-06, 86.9395981, 137.334579,
       142.127304, 152.281174, 38.5058479, 27.9650211, 30.2118454,
       0.761990845, -0.336401284, -0.938974142, -0.0409327969,
       0.579954624, -0.403406858, 192.035034, 0.198581442, 0.0772514194,
       -3.73009698e-06, 1.92273042e-08, -1.15363825e-07, 232.020523,
       128.707672, 136.030045, 44.3682785, 25.5554066, 27.2117767,
       -2.46249223, 123.959496, 39.3544769, 24.8710537, 24.6046028,
       -0.0662534758, 0.279032499, -0.108086176, 0.155955926,
       -0.0292311292, 0.0271300562, 198.673569, 125.791, 25.1237049,
       24.8212013, 22.4459248, 0.210720927, -0.326900333, 2.29563047e-05,
       1.11375539e-05, 3.57627891e-06, 229.319641, 126.932999,
       125.403595, 36.6294365, 2.67659712, 0.0328307524, 1.97887421e-05,
       0.0340674967, 172.316467, 128.465469, 121.226295, 49.2130241,
       23.8802166, 27.0135059, 56.386631, -3.41660929, -6.13469365e-06,
       -4.10813573e-06, 4.47493358e-06, 193.261871, 137.503204,
       151.180435, 38.2921028, 27.227644, 29.9112015, -1.17487359,
       0.358791709, -0.364093721, 44.6788101, 25.261034, 25.2941265,
       0.270452499, 0.0151145002, -0.0624417104, -0.0621895157,
       -0.00053765683, 4.32821435e-06, 230.83812, 127.407257, 127.072495,
       10.8428631, 24.9387493, 24.6760025, -0.599513412, 0.691877127,
       -0.715061486, -0.0920842662, 0.00449951785, 0.0401816629,
       45.3268127, 127.219467, 122.77063, 4.91142282e-06, 44.231308,
       139.604858, 99.6208954, 9.91253471, 27.0307846, 20.3176098,
       -5.63476181, -0.433773816, 3.45445633, 2.10603093e-06,
       6.67572067e-07, -2.36511207, -0.56778127, 6.69807196e-06,
       3.44216824e-06, 3.06963921e-06, 110.551979, 122.206383,
       133.714966, 15.1783285, 23.821991, 26.142067, 76.2215652,
       -1.1801312, 0.28980279, 0.329348296, -1.71380889e-05,
       -1.21593475e-05, 1.63246605e-05, 204.469666, 142.79335, 166.41452,
       42.7536316, 28.3888302, 32.9611549, -57.2729607, -1.7195946,
       -2.1787641, -9.58442706e-06, 1.35898597e-06, -4.25577173e-06,
       126.196426, 128.064972, 135.373032, 31.170536, 24.4761658,
       26.3114719, 10.9015894, 7.67409801e-07, -7.86781311e-06,
       1.30534172e-05, 20.956274, 136.28833, 108.746895, -0.196951389,
       26.8223896, 22.4107933, 17.4039936, -10.5619164, 251.425919,
       127.063667, 129.551422, 49.3189278, 25.0968075, 25.691885,
       0.492683113, 0.210054174, 0.136287138, 4.5798547e-06,
       -1.58853311e-06, 2.20675793e-06, 24.39188, 26.6856976,
       -30.5022717, 0.0202318951, 3.02461147, -3.62396236e-07,
       -8.39233394e-07, -3.51905805e-06, 116.553696, 124.371826,
       134.356964, 17.7096024, 4.90658522e-07, 226.438553, 129.804718,
       134.312042, 43.8535881, 25.7029457, 26.8508873, 2.09456587,
       -0.542968631, 0.67785573, 3.28257471e-07, 1.92808079e-06,
       1.04321349, -0.612984061, 0.499573797, -0.166207239,
       -2.5885447e-06, -5.48362732e-06, 117.95742, 147.509094,
       156.895599, 29.2373085, 29.108181, 31.2077179, -0.323417455,
       0.529205084, -0.369037062, -0.291263968, 1.35774577, 138.616531,
       127.099442, 99.3134613, 29.6798592, 24.677002, 20.1569462,
       0.315369219, -7.84132226e-06, -8.74201487e-06, 232.622696,
       106.708, 119.551613, 43.9778023, 19.7160892, 23.3140831,
       -4.23846769, 0.881485522, -1.28118956, 9.53674316e-06, 130.62265,
       134.294571, 53.6532898, 27.3702984, 30.7558517, 47.0153999,
       -1.93445802, 4.21338511, 7.15255737e-06, -1.09672546e-05,
       -1.19805336e-05, 46.2294769, 2.5870952e-06, -3.85527898e-07,
       85.7442017, 124.767166, 126.514122, 17.0201797, 24.9467716,
       24.8357296, -3.07872367, 1.52690673, -0.0899050385,
       -2.76464078e-07, 125.241745, 124.73587, 16.6850643, 24.9092407,
       24.667244, 5.16990328, -0.890629709, 0.280078292, 1.04764652,
       0.0987747163, -0.0209399834, 76.8661041, 135.447372, 28.7679882,
       25.1623249, 26.7191696, 7.31306887, -0.445000827, 1.32771957,
       -9.14801717e-07, 2.56559133e-06, -2.44638204e-06, 152.352722,
       128.078918, 10.1082153, 130.632172, 122.843475, 3.11949968,
       25.8726864, 24.1183186, 2.83474374, -0.251048148, -0.872876465,
       0.0576114766, -0.120361328, 0.0615708157, 25.9823246,
       -0.751790524, -0.131479606, -0.0052441447, 0.0102615226,
       -0.0221135747, 3.40629504e-06, 247.938339, 128.093826, 130.847855,
       48.1938171, 25.4455433, -2.16625631e-06, 1.20326877e-06,
       -1.2665987e-07, 147.153549, 128.561539, 126.79361, 26.7545757,
       25.5961971, 25.0365868, -0.614979446, 0.314622521, -0.0095792897,
       -13.0622683, -7.00354576e-06, 9.92417336e-06, -9.68575478e-06,
       123.828499, 125.499573, 123.112457, 32.2889328, 24.941267,
       25.3789806, -143.275757, 6.18150949, -0.886842728, -0.557185829,
       1.6234045, 0.0483842678, -0.156582803, 169.222275, 131.907455,
       135.104691, 38.6734352, 25.9310551, 27.0260468, -46.8572083,
       1.64595866, 1.82722068, 2.21199457e-06, 1.1920929e-05,
       1.90734863e-06, 67.2128448, 122.401176, 135.00589, 10.2563705,
       24.0793686, 26.5379124, -128.253586, -0.695479929, -2.89535165,
       0.12928386, -0.343929738, 82.1462479, 123.784157, 124.618088,
       18.4755077, 24.9411716, 25.2535534, -1.62591732, -0.483044356,
       -5.73967075, 0.699148297, 0.182865754, 0.0420213304,
       -0.0877102241, 0.0870722607, 166.218887, 124.753647, 101.348175,
       33.4563026, 24.9957638, 19.9409714, 26.8077335, 30.0557442,
       32.9552689, 1.96624649, 0.0171833038, 0.421058297, -0.28263256,
       0.00138694665, 0.004781764, 134.03566, 153.197037, 168.046982,
       144.011612, 125.263222, 112.946083, -21.080534, 29.9359932,
       16.9961987, 5.33610392, -1.36531627, 1.46557939, 7.29560861e-06,
       2.36034393e-05, 3.67164625e-06, 24.4378223, 24.8782253,
       31.4480228, 3.59811139, 0.464922726, 0.647130191, -0.126281917,
       0.00332333054, 104.222595, 125.411781, 127.328125, 25.0207825,
       144.051117, 43.924118, 25.9883099, 28.5066586, 2.0442512,
       -0.506095529, -0.0868787095, -6.72157012e-06, 1.03161892e-06,
       -4.45659362e-06, 219.464951, 130.730576, -8.53429794, 1.43313324,
       -0.738105714, -0.0672115907, -0.0281170942, 0.0274235159,
       45.983757, 129.608627, 134.752121, 14.7629576, 25.2231102,
       26.9192429, 127.999992, 94.4357681, 25.381134, 25.381134,
       -204.42984, -4.76837158e-06, -4.76837158e-06, 7.15255737e-06, 0.,
       0., 148.546631, 127.999992, -0.99944371, 1.2130028, -0.0251718555,
